A = 332.5
k = 0.035
k1 = 0.654
k2 = -0.015
k3 = -0.0006
C = 9
keta=8*10^(-5)
k11=k2^2+4*(k-k3)*k1
k12=8*(k-k3)
k13=2*(k-k3)